4294967294,0
4294967278,116
4294967278,111
4294967278,110
4294967278,108
4294967278,102
4294967278,101
4294967278,99
4294967278,94
4294967293,131
4294967293,130
4294967293,129
4294967293,128
4294967293,127
4294967293,126
4294967293,125
4294967293,124
4294967293,123
4294967293,122
4294967293,121
4294967293,120
4294967293,119
4294967293,118
4294967293,117
4294967293,116
4294967293,115
4294967293,114
4294967293,113
4294967293,112
4294967293,111
4294967293,110
4294967293,109
4294967293,108
4294967293,107
4294967293,106
4294967293,105
4294967293,104
4294967293,103
4294967293,102
4294967293,101
4294967293,100
4294967293,99
4294967293,98
4294967293,97
4294967293,96
4294967293,95
4294967293,94
4294967293,93
4294967293,92
4294967293,91
4294967293,90
4294967293,89
4294967293,87
4294967293,86
4294967293,85
4294967293,84
4294967293,83
4294967293,82
4294967293,81
4294967293,80
4294967293,79
4294967293,78
4294967293,77
4294967293,76
4294967293,75
4294967293,74
4294967293,73
4294967293,72
4294967293,71
4294967293,70
4294967293,69
4294967293,68
4294967293,67
4294967293,66
4294967293,65
4294967293,64
4294967293,63
4294967293,62
4294967293,61
4294967293,60
4294967293,59
4294967293,58
4294967293,57
4294967293,56
4294967293,55
4294967293,54
4294967293,53
4294967293,52
4294967293,51
4294967293,50
4294967293,49
4294967293,48
4294967293,47
4294967293,46
4294967293,45
4294967293,44
4294967293,43
4294967293,42
4294967293,41
4294967293,40
4294967293,39
4294967293,38
4294967293,37
4294967293,36
4294967293,35
4294967293,34
4294967293,33
4294967293,32
4294967293,31
4294967293,30
4294967293,29
4294967293,28
4294967293,27
4294967293,26
4294967293,25
4294967293,24
4294967293,23
4294967293,22
4294967293,21
4294967293,20
4294967293,19
4294967293,18
4294967293,17
4294967293,16
4294967293,15
4294967293,14
4294967293,13
4294967293,12
4294967293,11
4294967293,10
4294967293,9
4294967293,8
4294967293,7
4294967293,6
4294967293,5
4294967293,4
4294967293,3
4294967278,174
4294967278,31
4294967278,29
4294967278,24
4294967278,21
4294967278,19
4294967278,18
4294967278,17
4294967278,16
4294967278,15
4294967278,14
4294967278,13
4294967278,10
4294967278,285
4294967278,8
4294967278,7
4294967278,6
4294967278,5
4294967279,132
4294967279,126
4294967279,124
4294967279,123
4294967279,122
4294967279,121
4294967279,118
4294967279,116
4294967279,115
4294967279,113
4294967279,108
4294967279,106
4294967279,105
4294967279,104
4294967279,103
4294967279,100
4294967279,97
4294967279,95
4294967279,94
4294967279,93
4294967279,92
4294967279,91
4294967279,90
4294967279,89
4294967279,84
4294967279,82
4294967279,80
4294967279,79
4294967279,77
4294967279,74
4294967279,72
4294967279,71
4294967279,70
4294967279,69
4294967279,68
4294967279,67
4294967279,64
4294967279,62
4294967279,61
4294967279,59
4294967279,58
4294967279,56
4294967279,53
4294967279,51
4294967279,50
4294967279,48
4294967279,47
4294967279,46
4294967279,157
4294967279,45
4294967279,42
4294967279,40
4294967279,39
4294967279,37
4294967279,36
4294967279,35
4294967279,34
4294967279,33
4294967279,32
4294967279,31
4294967279,30
4294967279,29
4294967279,28
4294967279,27
4294967279,26
4294967279,25
4294967279,24
4294967279,21
4294967279,19
4294967279,15
4294967279,174
4294967279,0
4294967279,260
4294967294,30
4294967294,1237
4294967294,1236
4294967294,1234
4294967294,1233
4294967294,1228
4294967294,1217
4294967294,1062
4294967294,1060
4294967294,1059
4294967294,1058
4294967294,1057
4294967294,60
4294967294,427
4294967294,68
4294967294,12
4294967294,11
4294967279,99
4294967278,374
4294967278,373
4294967279,426
4294967279,98
4294967279,210
4294967294,481
4294967279,209
4294967279,425
4294967279,96
4294967278,207
4294967278,372
4294967279,208
4294967279,206
4294967278,201
43,7
4294967279,205
43,6
4294967278,203
43,5
4294967279,204
43,4
4294967278,202
43,3
43,2
43,1
4294967279,203
4294967279,87
4294967279,424
4294967279,86
4294967278,371
4294967279,423
4294967279,85
4294967279,198
4294967278,370
4294967279,422
4294967279,83
4294967279,196
4294967279,195
4294967279,421
4294967279,81
4294967279,192
4294967279,194
42,5
4294967278,192
42,4
4294967279,193
42,3
42,2
42,1
4294967279,420
4294967279,78
4294967278,191
4294967279,419
4294967279,76
4294967278,369
4294967279,75
4294967279,188
4294967279,187
4294967279,418
4294967279,73
4294967279,186
4294967278,183
4294967279,184
4294967278,182
41,5
4294967279,183
41,4
4294967278,181
41,3
41,2
41,1
4294967278,368
4294967279,182
4294967279,57
4294967279,417
4294967279,66
4294967279,416
4294967279,65
4294967278,367
